9999 9999
107 224
177 224
177 244
107 244
107 224
9999 9999
107 196
177 196
177 216
107 216
107 196
9999 9999
193 196
263 196
263 216
193 216
193 196
9999 9999
193 224
263 224
263 244
193 244
193 224
9999 9999
85 220
81 224
77 228
72 228
67 228
63 224
59 220
59 215
59 210
63 206
67 202
72 202
77 202
81 206
85 210
85 215
85 220
9999 9999
174 163
171 166
168 169
163 169
158 169
155 166
152 163
152 158
152 153
155 150
158 147
163 147
168 147
171 150
174 153
174 158
174 163
9999 9999
174 129
171 132
168 135
163 135
158 135
155 132
152 129
152 124
152 119
155 116
158 113
163 113
168 113
171 116
174 119
174 124
174 129
9999 9999
193 119
193 129
200 136
225 136
229 133
229 125
225 120
193 120
9999 9999
197 163
193 153
200 146
225 146
229 149
229 157
225 162
197 162
9999 9999
232 119
232 163
255 163
255 119
232 119
9999 9999
232 165
232 181
255 181
255 165
232 165
9999 9999
90 115
90 138
128 138
128 115
90 115
9999 9999
90 143
90 172
97 172
97 165
107 165
107 172
115 172
115 165
128 165
128 143
90 143
9999 9999
115 67
115 96
145 96
145 67
115 67
9999 9999
149 96
173 96
173 58
170 58
170 54
167 54
167 51
146 51
144 54
144 62
150 62
150 96
9999 9999
197 67
197 60
205 54
212 54
212 58
221 58
225 62
225 67
229 71
232 71
232 80
229 80
229 89
225 94
217 94
217 92
208 92
202 87
202 80
197 80
197 67
9999 9999
236 54
236 97
266 97
266 54
236 54
9999 9999
278 76
276 89
296 91
297 86
350 92
350 83
278 76
9999 9999
301 92
298 119
310 120
313 93
301 92
9999 9999
317 94
314 121
342 123
345 97
317 94
9999 9999
282 124
281 131
342 137
343 129
282 124
9999 9999
281 159
279 172
334 177
335 164
281 159
9999 9999
282 137
281 152
329 155
330 140
282 136
9999 9999
281 177
281 183
303 185
331 185
331 180
303 180
281 177
9999 9999
350 105
349 114
356 115
357 104
350 104
9999 9999
279 188
279 201
326 201
326 188
279 188
9999 9999
292 205
292 219
306 219
306 216
320 216
320 219
326 219
326 205
292 205
9999 9999
279 225
279 249
306 249
306 225
279 225
9999 9999
317 224
317 250
326 250
326 237
329 237
329 224
317 224
9999 9999
318 253
318 259
323 259
323 261
330 261
330 253
318 253
9999 9999
241 261
241 278
251 278
251 275
288 275
288 278
292 278
292 275
310 275
310 264
251 264
251 261
241 261
9999 9999
241 285
241 309
256 309
256 301
275 301
275 285
241 285
9999 9999
279 285
279 301
313 301
313 285
279 285
9999 9999
279 307
279 322
311 322
311 307
279 307
9999 9999
249 322
276 322
276 309
249 309
249 322
9999 9999
278 327
286 327
286 335
288 335
288 343
291 343
291 348
286 352
278 352
278 327
9999 9999
254 326
254 337
264 337
264 347
274 347
274 326
254 326
9999 9999
218 318
218 329
233 329
233 318
218 318
9999 9999
217 337
241 337
241 340
247 340
247 343
251 343
251 354
244 354
244 362
214 362
214 354
207 354
207 343
211 343
211 340
217 340
217 337
9999 9999
127 337
151 337
151 340
157 340
157 343
161 343
161 354
154 354
154 362
124 362
124 354
117 354
117 343
121 343
121 340
127 340
127 337
9999 9999
193 369
193 377
197 377
199 379
201 377
214 377
214 369
193 369
9999 9999
176 369
176 377
172 377
170 379
168 377
155 377
155 369
176 369
9999 9999
147 266
147 278
180 278
180 266
147 266
9999 9999
200 266
200 278
233 278
233 266
200 266
9999 9999
65 235
65 248
101 248
101 235
65 235
9999 9999
28 220
28 229
52 229
52 220
28 220
9999 9999
88 300
88 308
75 308
75 312
114 312
114 308
124 308
124 304
128 304
128 323
103 323
103 327
127 327
127 336
71 336
71 327
100 327
100 323
64 323
64 300
87 300
9999 9999
91 296
91 304
129 304
129 263
95 263
92 259
81 259
81 289
90 289
91 292
121 292
121 296
91 296
9999 9999
78 259
69 259
69 263
62 263
62 273
66 273
66 289
78 289
78 259
9999 9999
42 309
42 334
54 334
54 309
42 309
9999 9999
28 296
28 304
56 304
56 296
28 296
9999 9999
37 286
31 291
37 295
42 293
46 293
46 289
42 289
37 286
9999 9999
26 275
26 285
57 285
57 275
26 275
9999 9999
33 261
33 273
56 273
56 261
33 261
9999 9999
31 164
31 194
56 194
56 190
66 190
66 194
77 194
77 177
66 177
66 183
56 183
56 164
30 164
9999 9999
31 134
31 162
80 162
80 134
31 134
9999 9999
47 116
47 119
34 119
34 123
49 123
49 130
73 130
73 125
76 125
76 120
73 120
73 115
47 115
9999 9999
34 97
34 107
49 107
49 112
80 112
80 103
73 103
73 93
69 93
69 103
55 103
55 93
50 93
50 97
34 97
9999 9999
40 83
40 93
88 93
88 83
40 83
9999 9999
50 72
50 80
100 80
100 72
50 72
9999 9999
50 58
50 67
100 67
100 58
94 58
98 45
83 45
87 58
50 58
9999 9999
278 39
278 65
288 65
288 40
278 39
9999 9999
291 32
292 66
306 67
306 47
310 47
310 33
291 32
9999 9999
286 27
310 27
310 1
286 1
286 27
9999 9999
149 313
175 313
175 284
149 284
149 313
9999 9999
193 284
193 311
226 311
226 284
193 284
9999 9999
175 174
179 170
191 170
195 174
191 178
179 178
175 174
9999 9999
189 143
188 144
187 145
186 144
185 143
185 141
185 139
186 138
187 137
188 138
189 139
189 141
189 143
9999 9999
176 351
176 377
193 377
193 351
176 351
9999 9999
210 165
210 181
230 181
230 165
210 165
9999 9999
152 174
152 180
169 180
169 174
152 174
9999 9999
275 206
275 221
289 221
289 206
275 206
9999 9999
41 206
41 215
51 215
51 206
41 206
9999 9999
108 245
108 253
163 253
163 245
108 245
9999 9999
205 245
205 253
265 253
265 245
205 245
9999 9999
224 368
224 391
247 395
267 400
275 403
275 368
224 368
9999 9999
139 368
139 388
108 395
87 403
60 414
60 368
139 368
9999 9999
279 375
279 403
292 409
292 377
279 375
9999 9999
176 59
176 97
182 102
188 102
194 97
194 59
175 59
9999 9999
181 50
176 55
195 55
191 50
191 36
182 36
182 50
9999 9999
119 51
119 51
116 53
113 55
113 55
113 57
113 59
113 59
116 59
119 59
119 59
120 56
120 53
120 53
119 52
118 51
118 51
118 51
9999 9999
134 51
134 51
131 53
128 55
128 55
128 57
128 59
128 59
131 59
134 59
134 59
135 56
135 53
135 53
134 52
133 51
133 51
133 51
9999 9999
59 44
59 44
56 46
53 48
53 48
53 50
53 52
53 52
56 52
59 52
59 52
60 49
60 46
60 46
59 45
58 44
58 44
58 44
9999 9999
74 44
74 44
71 46
68 48
68 48
68 50
68 52
68 52
71 52
74 52
74 52
75 49
75 46
75 46
74 45
73 44
73 44
73 44
9999 9999
245 38
245 38
242 40
239 42
239 42
239 44
239 46
239 46
242 46
245 46
245 46
246 43
246 40
246 40
245 39
244 38
244 38
244 38
9999 9999
260 38
260 38
257 40
254 42
254 42
254 44
254 46
254 46
257 46
260 46
260 46
261 43
261 40
261 40
260 39
259 38
259 38
259 38
9999 9999
202 104
202 104
199 106
196 108
196 108
196 110
196 112
196 112
199 112
202 112
202 112
203 109
203 106
203 106
202 105
201 104
201 104
201 104
9999 9999
216 104
216 104
213 106
210 108
210 108
210 110
210 112
210 112
213 112
216 112
216 112
217 109
217 106
217 106
216 105
215 104
215 104
215 104
9999 9999
265 117
265 117
262 119
259 121
259 121
259 123
259 125
259 125
262 125
265 125
265 125
266 122
266 119
266 119
265 118
264 117
264 117
264 117
9999 9999
265 131
265 131
262 133
259 135
259 135
259 137
259 139
259 139
262 139
265 139
265 139
266 136
266 133
266 133
265 132
264 131
264 131
264 131
9999 9999
265 145
265 145
262 147
259 149
259 149
259 151
259 153
259 153
262 153
265 153
265 153
266 150
266 147
266 147
265 146
264 145
264 145
264 145
9999 9999
139 143
139 143
136 145
133 147
133 147
133 149
133 151
133 151
136 151
139 151
139 151
140 148
140 145
140 145
139 144
138 143
138 143
138 143
9999 9999
139 158
139 158
136 160
133 162
133 162
133 164
133 166
133 166
136 166
139 166
139 166
140 163
140 160
140 160
139 159
138 158
138 158
138 158
9999 9999
91 339
91 339
88 341
85 343
85 343
85 345
85 347
85 347
88 347
91 347
91 347
92 344
92 341
92 341
91 340
90 339
90 339
90 339
9999 9999
107 339
107 339
104 341
101 343
101 343
101 345
101 347
101 347
104 347
107 347
107 347
108 344
108 341
108 341
107 340
106 339
106 339
106 339