9999 9999
123 164
485 164
485 589
123 589
123 164
9999 9999
123 164
485 164
485 589
123 589
123 164
9999 9999
119 51
119 51
116 53
113 55
113 55
113 57
113 59
113 59
116 59
119 59
119 59
120 56
120 53
120 53
119 52
118 51
118 51
118 51
9999 9999
134 51
134 51
131 53
128 55
128 55
128 57
128 59
128 59
131 59
134 59
134 59
135 56
135 53
135 53
134 52
133 51
133 51
133 51
9999 9999
59 44
59 44
56 46
53 48
53 48
53 50
53 52
53 52
56 52
59 52
59 52
60 49
60 46
60 46
59 45
58 44
58 44
58 44
9999 9999
74 44
74 44
71 46
68 48
68 48
68 50
68 52
68 52
71 52
74 52
74 52
75 49
75 46
75 46
74 45
73 44
73 44
73 44
9999 9999
245 38
245 38
242 40
239 42
239 42
239 44
239 46
239 46
242 46
245 46
245 46
246 43
246 40
246 40
245 39
244 38
244 38
244 38
9999 9999
260 38
260 38
257 40
254 42
254 42
254 44
254 46
254 46
257 46
260 46
260 46
261 43
261 40
261 40
260 39
259 38
259 38
259 38
9999 9999
202 104
202 104
199 106
196 108
196 108
196 110
196 112
196 112
199 112
202 112
202 112
203 109
203 106
203 106
202 105
201 104
201 104
201 104
9999 9999
216 104
216 104
213 106
210 108
210 108
210 110
210 112
210 112
213 112
216 112
216 112
217 109
217 106
217 106
216 105
215 104
215 104
215 104
9999 9999
265 117
265 117
262 119
259 121
259 121
259 123
259 125
259 125
262 125
265 125
265 125
266 122
266 119
266 119
265 118
264 117
264 117
264 117
9999 9999
265 131
265 131
262 133
259 135
259 135
259 137
259 139
259 139
262 139
265 139
265 139
266 136
266 133
266 133
265 132
264 131
264 131
264 131
9999 9999
265 145
265 145
262 147
259 149
259 149
259 151
259 153
259 153
262 153
265 153
265 153
266 150
266 147
266 147
265 146
264 145
264 145
264 145
9999 9999
139 143
139 143
136 145
133 147
133 147
133 149
133 151
133 151
136 151
139 151
139 151
140 148
140 145
140 145
139 144
138 143
138 143
138 143
9999 9999
139 158
139 158
136 160
133 162
133 162
133 164
133 166
133 166
136 166
139 166
139 166
140 163
140 160
140 160
139 159
138 158
138 158
138 158
9999 9999
91 339
91 339
88 341
85 343
85 343
85 345
85 347
85 347
88 347
91 347
91 347
92 344
92 341
92 341
91 340
90 339
90 339
90 339
9999 9999
107 339
107 339
104 341
101 343
101 343
101 345
101 347
101 347
104 347
107 347
107 347
108 344
108 341
108 341
107 340
106 339
106 339
106 339
