9999 9999
85 102
269 102
269 104
85 104
85 102
9999 9999
85 182
269 182
269 184
85 184
85 182
9999 9999
21 254
314 254
314 255
21 255
21 254
9999 9999
270 49
272 49
272 255
270 255
270 49
9999 9999
194 362
297 362
297 363
194 363
194 362
9999 9999
21 362
171 362
171 363
21 363
21 362
9999 9999
84 101
85 101
85 194
84 194
84 101
9999 9999
22 194
98 194
98 195
22 195
22 194
9999 9999
21 35
23 35
23 362
21 362
21 35
9999 9999
96 195
98 195
98 229
96 229
96 195
9999 9999
102 230
103 230
103 254
102 254
102 230
9999 9999
96 229
103 229
103 231
96 231
96 229
9999 9999
21 35
176 35
176 36
21 36
21 35
9999 9999
197 49
272 49
272 50
197 50
197 49
9999 9999
181 184
188 184
188 345
181 345
181 184
9999 9999
296 325
297 325
297 362
296 362
296 325
9999 9999
298 325
315 325
315 326
298 326
298 325
9999 9999
314 254
316 254
316 324
314 324
314 254
9999 9999
104 37
106 37
106 102
104 102
104 37
9999 9999
84 101
270 101
270 103
84 103
84 101
9999 9999
197 49
272 49
272 50
197 50
197 49
9999 9999
269 51
272 51
272 222
269 222
269 51
9999 9999
269 222
272 222
272 255
269 255
269 222
9999 9999
21 254
317 254
317 257
21 257
21 254
9999 9999
85 182
269 182
269 184
85 184
85 182
9999 9999
181 184
188 184
188 345
181 345
181 184
